1606625647.513552,1
1606625647.616439,1
1606625647.719846,11
1606625647.823337,1
1606625647.929616,0
1606625648.033923,4
1606625648.142593,9
1606625648.245821,2
1606625648.350192,9
1606625648.453003,11
1606625648.555813,20
1606625648.659692,2
1606625648.765102,11
1606625648.868699,4
1606625648.971966,0
1606625649.081281,12
1606625649.186803,0
1606625649.304827,6
1606625649.408653,4
1606625649.511511,4
1606625649.621724,5
1606625649.726120,0
1606625649.830458,8
1606625649.935867,5
1606625650.041377,0
1606625650.149968,3
1606625650.253802,14
1606625650.356831,10
1606625650.460632,5
1606625650.564630,2
1606625650.667208,12
1606625650.778596,8
1606625650.886848,0
1606625650.990488,0
1606625651.093947,5
1606625651.200692,6
1606625651.303375,7
1606625651.411197,2
1606625651.515963,2
1606625651.619404,6
1606625651.722971,0
1606625651.830867,3
1606625651.935203,7
1606625652.037864,6
1606625652.140610,6
1606625652.246347,2
1606625652.350890,0
1606625652.454047,1
1606625652.560536,0
1606625652.668654,3
1606625652.773206,0
1606625652.876292,5
1606625652.980750,1
1606625653.084538,0
1606625653.187841,2
1606625653.290878,0
1606625653.400075,8
1606625653.503269,3
1606625653.608845,4
1606625653.711683,3
1606625653.816173,3
1606625653.922259,7
1606625654.031090,0
1606625654.136013,7
1606625654.239394,0
1606625654.344712,7
1606625654.449222,7
1606625654.559251,3
1606625654.665472,6
1606625654.769612,0
1606625654.872844,17
1606625654.980472,13
1606625655.085340,8
1606625655.189306,8
1606625655.292677,12
1606625655.401696,3
1606625655.505462,14
1606625655.615039,8
1606625655.725655,7
1606625655.831400,6
1606625655.941305,5
1606625656.046575,9
1606625656.153150,7
1606625656.260355,8
1606625656.375768,9
1606625656.482341,6
1606625656.586665,20
1606625656.692294,4
1606625656.803540,2
1606625656.910682,5
1606625657.014228,3
1606625657.122616,7
1606625657.225085,2
1606625657.332167,6
1606625657.435852,5
1606625657.540216,2
1606625657.647020,7
1606625657.751949,2
1606625657.854450,3
1606625657.964366,7
1606625658.067827,4
1606625658.171392,3
1606625658.277146,11
1606625658.381489,10
1606625658.486549,0
1606625658.590607,1
1606625658.696295,7
1606625658.803041,0
1606625658.911814,5
1606625659.015450,10
1606625659.120026,0
1606625659.229868,2
1606625659.334399,6
1606625659.452842,0
1606625659.555142,20
1606625659.658342,2
1606625659.764155,0
1606625659.869267,0
1606625659.977209,5
1606625660.084167,0
1606625660.188481,0
1606625660.294787,9
1606625660.401754,0
1606625660.510248,5
1606625660.619738,0
1606625660.723296,7
1606625660.826558,0
1606625660.930295,0
1606625661.034914,0
1606625661.139955,2
1606625661.243922,6
1606625661.357961,6
1606625661.460795,7
1606625661.565943,3
1606625661.673399,0
1606625661.778051,7
1606625661.885287,0
1606625661.988524,9
1606625662.091253,9
1606625662.197112,3
1606625662.301841,3
1606625662.404930,2
1606625662.507748,15
1606625662.610654,11
1606625662.719843,0
1606625662.826735,0
1606625662.934060,2
1606625663.039384,0
1606625663.160501,10
1606625663.263051,0
1606625663.366820,0
1606625663.471069,0
1606625663.575229,0
1606625663.678167,1
1606625663.782970,9
1606625663.886770,2
1606625663.989779,3
1606625664.093736,1
1606625664.198174,5
1606625664.303962,2
1606625664.408567,3
1606625664.514318,1
1606625664.620887,8
1606625664.724400,12
1606625664.830017,6
1606625664.933159,15
1606625665.036515,8
1606625665.139785,0
1606625665.243801,0
1606625665.348628,3
1606625665.455782,9
1606625665.558653,20
1606625665.663631,11
1606625665.768494,10
1606625665.870852,0
1606625665.982978,3
1606625666.087799,12
1606625666.191311,4
1606625666.296833,10
1606625666.406776,4
1606625666.516177,4
1606625666.620711,12
1606625666.724628,12
1606625666.828962,17
1606625666.932172,6
1606625667.037983,10
1606625667.143308,13
1606625667.254389,18
1606625667.369167,0
1606625667.472081,0
1606625667.580206,0
1606625667.686609,2
1606625667.792210,7
1606625667.901357,9
1606625668.005208,0
1606625668.114296,10
1606625668.218205,12
1606625668.328104,13
1606625668.448162,15
1606625668.552565,0
1606625668.655431,0
1606625668.761293,14
1606625668.869252,10
1606625668.977959,0
1606625669.081094,4
1606625669.188151,0
1606625669.297123,0
1606625669.407108,1
1606625669.511011,1
1606625669.616816,0
1606625669.721951,2
1606625669.827439,0
1606625669.933459,8
1606625670.036903,6
1606625670.139667,0
1606625670.243410,1
1606625670.350770,1
1606625670.458870,0
1606625670.568014,4
1606625670.675220,0
1606625670.784052,0
1606625670.888189,8
1606625670.991848,3
1606625671.098278,1
1606625671.201544,3
1606625671.308182,2
1606625671.410940,2
1606625671.513679,14
1606625671.617033,8
1606625671.725936,13
1606625671.830885,4
1606625671.941471,5
1606625672.044826,5
1606625672.147916,6
1606625672.253324,9
1606625672.358616,13
1606625672.468899,3
1606625672.572395,4
1606625672.681386,1
1606625672.790932,1
1606625672.896385,2
1606625672.999812,6
1606625673.103796,5
1606625673.208089,1
1606625673.311887,2
1606625673.416915,0
1606625673.520326,0
1606625673.624222,0
1606625673.729105,0
1606625673.833913,0
1606625673.936980,8
1606625674.042026,1
1606625674.147676,10
1606625674.252039,6
1606625674.354818,11
1606625674.464207,12
1606625674.567948,8
1606625674.673836,2
1606625674.781242,0
1606625674.890298,4
1606625674.993718,3
1606625675.096763,4
1606625675.202688,1
1606625675.306108,7
1606625675.411230,5
1606625675.520471,1
1606625675.626430,18
1606625675.732588,0
1606625675.835799,0
1606625675.940578,18
1606625676.047076,1
1606625676.152668,0
1606625676.265914,3
1606625676.370191,0
1606625676.474601,1
1606625676.581540,5
1606625676.686326,2
1606625676.790628,6
1606625676.895434,0
1606625676.999307,3
1606625677.105009,8
1606625677.209279,7
1606625677.311962,20
1606625677.416428,13
1606625677.519820,0
1606625677.624280,3
1606625677.728682,0
1606625677.837931,5
1606625677.942030,0
1606625678.045880,2
1606625678.149604,4
1606625678.257297,6
1606625678.369348,1
1606625678.475492,5
1606625678.582858,0
1606625678.694429,8
1606625678.797837,3
1606625678.904544,6
1606625679.012219,0
1606625679.114894,0
1606625679.218732,0
1606625679.322696,0
1606625679.425986,0
1606625679.533677,10
1606625679.639401,0
1606625679.745720,0
1606625679.850805,11
1606625679.954822,0
1606625680.060558,0
1606625680.169733,0
1606625680.273837,8
1606625680.380965,1
1606625680.487285,7
1606625680.593489,0
1606625680.698124,3
1606625680.802823,1
1606625680.906817,9
1606625681.011796,3
1606625681.116757,3
1606625681.224216,3
1606625681.327979,11
1606625681.430555,6
1606625681.541325,11
1606625681.643543,3
1606625681.746700,20
1606625681.850511,3
1606625681.954183,7
1606625682.059346,4
1606625682.163456,0
1606625682.266569,1
1606625682.373519,7
1606625682.482238,0
1606625682.584821,2
1606625682.688045,10
1606625682.793899,2
1606625682.899480,0
1606625683.010505,7
1606625683.117755,13
1606625683.221706,2
1606625683.325626,7
1606625683.429344,3
1606625683.536630,10
1606625683.641232,6
1606625683.744551,0
1606625683.847944,3
1606625683.955955,0
1606625684.064640,3
1606625684.167736,4
1606625684.276144,7
1606625684.379166,1
1606625684.482125,10
1606625684.586119,8
1606625684.689620,3
1606625684.799262,7
1606625684.906440,1
1606625685.009392,4
1606625685.118806,6
1606625685.226767,0
1606625685.331980,0
1606625685.441253,1
1606625685.544394,1
1606625685.651370,5
1606625685.754504,5
1606625685.864408,9
1606625685.968716,1
1606625686.073069,12
1606625686.175670,2
1606625686.281711,0
1606625686.385832,4
1606625686.488930,0
1606625686.593183,0
1606625686.697520,0
1606625686.800212,0
1606625686.908316,0
1606625687.016259,0
1606625687.120368,9
1606625687.225298,0
1606625687.329411,11
1606625687.433870,11
1606625687.536864,6
1606625687.642317,0
1606625687.745915,9
1606625687.850543,7
1606625687.956213,20
1606625688.061754,3
1606625688.172906,3
1606625688.276305,4
1606625688.382643,0
1606625688.488852,8
1606625688.591754,8
1606625688.695216,0
1606625688.804150,14
1606625688.908658,14
1606625689.011268,0
1606625689.114545,0
1606625689.218573,0
1606625689.322795,1
1606625689.428110,0
1606625689.537002,0
1606625689.641351,0
1606625689.744609,1
1606625689.850002,5
1606625689.954510,0
1606625690.058959,6
1606625690.165071,4
1606625690.274998,3
1606625690.380145,6
1606625690.484039,4
1606625690.591543,8
1606625690.696897,5
1606625690.806811,7
1606625690.915493,0
1606625691.018004,7
1606625691.122033,0
1606625691.230570,6
1606625691.336144,5
1606625691.446418,13
1606625691.553089,8
1606625691.663434,7
1606625691.766397,0
1606625691.869523,7
1606625691.976523,3
1606625692.083573,0
1606625692.186456,9
1606625692.291503,10
1606625692.394955,0
1606625692.498700,0
1606625692.602655,1
1606625692.706986,10
1606625692.814119,0
1606625692.917742,10
1606625693.021212,10
1606625693.125838,0
1606625693.230820,4
1606625693.339254,1
1606625693.448742,3
1606625693.551973,7
1606625693.656194,6
1606625693.761513,0
1606625693.864807,17
1606625693.968411,0
1606625694.075659,12
1606625694.178112,0
1606625694.283962,0
1606625694.401228,12
1606625694.508951,3
1606625694.619083,0
1606625694.725897,1
1606625694.829417,0
1606625694.933741,0
1606625695.037173,0
1606625695.141072,6
1606625695.247837,4
1606625695.353477,1
1606625695.456433,1
1606625695.560206,1
1606625695.665078,6
1606625695.769683,7
1606625695.876536,0
1606625695.980140,7
1606625696.084783,9
1606625696.191439,7
1606625696.298674,7
1606625696.405906,9
1606625696.512341,15
1606625696.618103,20
1606625696.722538,12
1606625696.827295,10
1606625696.934355,13
1606625697.043792,3
1606625697.147696,0
1606625697.251221,1
1606625697.354965,0
1606625697.459731,13
1606625697.563413,0
1606625697.669705,2
1606625697.774249,4
1606625697.878366,4
1606625697.983699,2
1606625698.091012,3
1606625698.194950,0
1606625698.303702,4
1606625698.405946,0
1606625698.509716,0
1606625698.616865,4
1606625698.724222,4
1606625698.828052,6
1606625698.932657,3
1606625699.037747,1
1606625699.142932,20
1606625699.247366,10
1606625699.354749,0
1606625699.460151,0
1606625699.564935,4
1606625699.669045,0
1606625699.775926,1
1606625699.880578,1
1606625699.985652,1
1606625700.092596,11
1606625700.195071,0
1606625700.298176,0
1606625700.401511,1
1606625700.509903,8
1606625700.613129,0
1606625700.720822,1
1606625700.823903,11
1606625700.928020,6
1606625701.037020,0
1606625701.145024,0
1606625701.253888,6
1606625701.359811,0
1606625701.462769,4
1606625701.574041,4
1606625701.679511,0
1606625701.788888,1
1606625701.893650,12
1606625701.996841,8
1606625702.099243,15
1606625702.204873,2
1606625702.312811,1
1606625702.423569,3
1606625702.526949,3
1606625702.629676,1
1606625702.733438,8
1606625702.841809,1
1606625702.946235,0
1606625703.060832,1
1606625703.169637,0
1606625703.276607,5
1606625703.380041,0
1606625703.483492,8
1606625703.587837,5
1606625703.695338,4
1606625703.805960,2
1606625703.914469,11
1606625704.017499,3
1606625704.121411,1
1606625704.226663,5
1606625704.334787,7
1606625704.438411,6
1606625704.544325,0
1606625704.649104,3
1606625704.756904,7
1606625704.862386,10
1606625704.969250,3
1606625705.073167,13
1606625705.178223,12
1606625705.281641,1
1606625705.385373,0
1606625705.492601,12
1606625705.597326,4
1606625705.704085,1
1606625705.806662,0
1606625705.909176,0
1606625706.014131,0
1606625706.120168,10
1606625706.223716,0
1606625706.334643,12
1606625706.438746,0
1606625706.548467,0
1606625706.651467,17
1606625706.754873,13
1606625706.861141,1
1606625706.971145,15
1606625707.075543,11
1606625707.183471,1
1606625707.289425,13
1606625707.395116,5
1606625707.505047,1
1606625707.609023,16
1606625707.716310,0
1606625707.820606,0
1606625707.924904,0
1606625708.028332,0
1606625708.133516,7
1606625708.235995,0
1606625708.340326,1
1606625708.446509,0
1606625708.554830,0
1606625708.659265,0
1606625708.767249,0
1606625708.871374,0
1606625708.976997,0
1606625709.079823,0
1606625709.190938,0
1606625709.297167,0
1606625709.404180,0
